# GALAXY CONFIGURATION FILE
# Syntax:
# <mass> <positionX> <positionY> <speedX> <speedY>
	105389915210145000000	-11809554835781500000	88828431209549300000	6834487	-2576100
	55438727812660900000	66208955598995100000	30235032970085700000	344887	-4005789
	293407600019311000000	15836855443194500000	-51137263653799900000	-2322698	-66885
	70352097036876300000	-53717178897932200000	34967816574499000000	-1342120	5862639
	113956290673085000000	66837864136323300000	43331035738810900000	-4881428	7028149
	120228334125131000000	71002632845193200000	64641838753595900000	-5080104	-2503442
	88538683952813500000	47977317962795500000	1712137414142490000	8071699	-7946213
	98055653403866600000	-92650358378887200000	77437111968174600000	2762489	6990681
	126539679910743000000	78061521798372300000	96934626251459100000	9742228	2800106
	62873835871395700000	12032685382291700000	20721483230590800000	-7896696	5582214
	286678509534924000000	-94772885693237200000	-31939177308231600000	723899	-7102432
	132198900296848000000	34826550772413600000	69739678828045700000	-646204	5138015
	13966415247404300000	-86820545559749000000	-71764450054615700000	-9972881	-1480849
	47032894666823600000	-9177839709445830000	71056955866515600000	-1470125	-8505760
	147475628282698000000	57227702392265200000	57341506564989700000	7263660	3010974
	114723720850277000000	63700990471988900000	-72791128791868700000	651634	-8579917
	136082199622519000000	-44626572681590900000	-34954515378922200000	2473634	-1306225
	57172831767411400000	22470047185197500000	-74161309609189600000	-8870709	-5676831
	117121012743165000000	94651172682642900000	-86345663201063900000	-4904445	-3473264
	262322138114618000000	78537927381694300000	-47925887815654300000	-5716522	1578608
	33008824732921800000	45061059761792400000	42868132144212700000	2725902	9143955
	288060653100470000000	93805026076734100000	89616635628044600000	-8790497	9899981
	117433251984437000000	42547871591523300000	-65148600190877900000	481583	-1547918
	97801459836006900000	-48259868239983900000	-78782771900296200000	-4883985	8502118
	292738322020177000000	-88502975134179000000	53767505148425700000	-1690959	-4655371
	284620566102976000000	21854049200192100000	20572387566790000000	-9989361	-8022921
	206310549125750000000	16419422114267900000	54239476984366800000	-5835780	9349301
	144041471531779000000	-1889969594776630000	28964374354109200000	8017785	-192266
	74410998255180900000	-39923744415864300000	95287097105756400000	-623101	1111489
	624658595449757000	-39653319306671600000	-18745553726330400000	-4237411	-7287538
	226967701449664000000	-45409578271210200000	-15443496126681600000	4162545	4231786
	124599076585333000000	-46554635558277400000	4717850126326090000	-1477400	-4750360
	78936616675281400000	95679958350956400000	36976378224790100000	-886657	2999910
	215923317473541000000	-32697534002363700000	-37393779633566700000	-4627459	-6353498
	242388213450372000000	-70258600590750600000	-32350781140849000000	8085446	-1579533
	71233999042901900000	55724189709872000000	20462188124656700000	-645087	-5585933
	9639589552630900000	9034566674381490000	541410828009243000	4868344	-3140365
	226016958683265000000	-57191756553947900000	-665096519514915000	-7851883	-4419646
	223780591670235000000	-81518232030794000000	93269093707203900000	-7654570	5014621
	96047481686743000000	47300729854032400000	83419343084096900000	6011276	80013
	280452984442680000000	7730510085821150000	-85240040346980100000	-8950855	-9427982
	208760121708115000000	-11183946998789900000	35384542541578400000	4710748	9484498
	106437770662376000000	69053542613983200000	-48542391508817700000	-5670627	-5667464
	121914748353015000000	-60227226652205000000	50702002365142100000	6219790	2911063
	176935008487878000000	-4954543756321080000	-8894657623022800000	-1955837	208456
	156500327197878000000	-95661334600299600000	-24490542802959700000	-429045	4676839
	13239471064258800000	62055925419554100000	33848031144589200000	-5884132	805323
	245748943786827000000	99874407658353500000	95750945014879100000	103347	-295482
	13450678813632600000	45863850973546500000	72544741258025200000	985964	8869264
	228007433467816000000	61943927407264700000	-73000100348144800000	-4190808	-4349262
	261820901137565000000	87492055771872400000	-90374459419399500000	-7381684	-3894787
	173893748017364000000	-21839678194373900000	43611662182956900000	3887098	1503573
	13952089085955900000	58577432483434700000	-27261973172426200000	1894135	-4273910
	78796618474070200000	-34765455732122100000	98650192283093900000	-9134605	-7568454
	279433314373047000000	45499802147969600000	-27013466926291600000	2285464	-5671659
	224968691680960000000	8978526247665290000	61434213630855100000	-7158921	8340083
	253044553273963000000	76828090287745000000	28102750563994000000	-6541286	1834356
	134560186028604000000	-84373201709240700000	-28508429042995000000	1548612	-6014718
	237209538893367000000	61744239879772100000	-69862194731831500000	5388989	5975482
	124944986587750000000	-77859984291717400000	92976826243102500000	-7582163	-283373
	291778110877970000000	33988686511293100000	5480753630399710000	1752883	905009
	237804054546824000000	-97530037118122000000	-91560754459351300000	-1435173	8232372
	60474043385730600000	67878971528261900000	-98638866236433400000	-19667	6581387
	170621842158965000000	-34042541496455700000	92171765863895400000	-2421061	-6757589
	40630136219781400000	34963265992701100000	-69059403659775900000	8963411	-6457340
	235380450690302000000	-48430002434179200000	86998473852872900000	-6794861	2370547
	23328115628610100000	73643960896879400000	-81637336034327700000	-4578260	21998
	233411547150603000000	-19088907307013900000	27066376712173200000	9853372	-5804889
	22530087136487900000	-95854812627658200000	58423935854807500000	117834	-7523740
	103597900949267000000	69586709886789300000	-24251331342384200000	-9039457	1888856
	216127272875220000000	34147913148626700000	26908046705648300000	1507457	-3329494
	185768872988868000000	58641254948452100000	22001451672986200000	-4855231	-975496
	81660263655670700000	78010405739769300000	30855944752693200000	1676227	9643870
	149170430113429000000	-49281335342675400000	97171535715460800000	-5163665	9533645
	14239090640603300000	91807418316602700000	-7693674555048350000	112985	4311801
	86131590644274600000	-25213334895670400000	-70597150642424800000	5443431	-7853674
	252923374478116000000	-22902044001966700000	-5065060872584580000	-857188	-3010439
	153828528192658000000	62368355691433000000	-28295615129172800000	-443529	3026553
	272530266589796000000	81466201739385700000	-3707620874047280000	4074861	7116113
	143888473042083000000	-61095652449876100000	2404876193031670000	-8070612	-6721691
	263261552008302000000	60384315252304100000	-9304174175485970000	-4009036	-936762
	36510423868028900000	15788715705275500000	51122950669378000000	-661416	-8706725
	59553610388206800000	67083060787990700000	-45809593982994600000	8281588	-1992709
	237478351988309000000	-73685915581882000000	25323474779725100000	-5202723	-6627590
	253824589512108000000	82046975940465900000	-12603944167494800000	6037593	-8499334
	260614315320110000000	23991307802498300000	-68069758964702500000	-8797031	-5892090
	155631990698124000000	60812337975949000000	82794693717733000000	9690253	-5020557
	169288254447393000000	43410349404439300000	-43453742098063200000	-6478030	-6725082
	18350293712620400000	-25593118928372900000	-63420187542215000000	-5495164	-6464955
	257907535676193000000	-93951348913833500000	80607163347303900000	-5212670	3233571
	105794429957054000000	-26172353094443700000	12218317808583400000	-9634664	-3076246
	11375996078356600000	-40231736237183200000	-60564462561160300000	-4683868	-2023637
	282370422150872000000	-55609659152105400000	-12740027857944400000	2800519	7344968
	42023662441741000000	-86661938065663000000	13505644211545600000	-5610376	1857189
	154529800717588000000	61173893325030800000	-89554825704544800000	3984748	7235525
	284934603116788000000	17938187951222100000	24484502896666500000	2073509	335287
	272599641624866000000	42588365450501400000	-48062170669436500000	8410793	7598072
	266496096076949000000	-73235666332766400000	-78227131767198400000	-9490021	4005689
	180035307674473000000	58229734655469600000	47973871277645200000	337934	-4783038
	42347544596653400000	-91132360091432900000	-95643635885790000000	-233072	5455329
	270602041827274000000	-397357996553175000	94604464201256600000	1942027	-2510350
	277946377879243000000	85917475027963500000	-18661252502352000000	-7086306	5955397
	4114982152599140000	57941279187798500000	-35304935416206700000	-163569	-4147080
	257731357180392000000	-90936386538669500000	98490314884111300000	5201165	4106101
	52737629613322400000	72166259028017500000	-22474171500653000000	7729397	9062234
	53407342701629500000	-83358356729149800000	68136906903237100000	-2283209	-3634699
	208772592751027000000	-72072790935635600000	55129687068983900000	8310696	-9152615
	192507283489872000000	-95886602625250800000	-88464475050568600000	4123056	-5152983
	156430453720628000000	-52544671716168500000	-88946414645761200000	-5643292	-3998468
	166011996090733000000	60150024900212900000	95365725690498900000	742519	1411999
	164536573848784000000	33615459781140100000	51631005248054900000	3683924	7632598
	190405670837211000000	20410308940336100000	60090363305062000000	550060	5166366
	225499799845267000000	-86853535193949900000	-20719987759366600000	-9397516	-4990377
	84556181431778500000	-43726740870624800000	-91444208566099400000	-59710	4065266
	2318441329850580000	43991331662982700000	-27958060102537300000	-6351523	-2830126
	160417657775178000000	93811114924028500000	-59234184399247200000	5970522	-1906743
	101848094529154000000	24379001185298000000	-94328336836770200000	-3820152	6551657
	95389398240773200000	30551804229615600	76666651386767600000	7968479	4286427
	14558296128230200000	-1971328258514400000	15654310863465100000	9607312	8861749
	122805887255396000000	53711814805865300000	98115480784326800000	-4934809	2757429
	153694238537422000000	13427883246913600000	-76923860609531400000	-9632876	4218625
	149299923380261000000	-84644921682775000000	-82867250777781000000	2375200	701726
	89538279850360500000	-55693564657121900000	-32043683482334000000	-9788441	335510
	48289570570664300000	-94856233382597600000	53906514216214400000	-8647838	-963887
	235222652040359000000	30188999837264400000	-7948997849598530000	5606082	-5105770
	120969650500190000000	-22196976374834800000	29659303836524500000	-4628384	8247019
	244495408292240000000	76520106242969600000	-81250968948006600000	-5325799	-8514365
	188620589015790000000	-90265600197017200000	-31688656238839000000	1998588	2018895
	100359811976037000000	94709695735946300000	95550068141892600000	-4486601	-8681960
	262229623236595000000	32259832741692700000	-4974693944677710000	-2388849	-9769481
	20343691117366500000	56624909071251700000	-5671262508258230000	-5954399	5724755
	267582370482946000000	-41026455815881500000	-66683852532878500000	8479742	1288164
	139856297852049000000	-3559489315375690000	31347463512793200000	-3409996	8123609
	207417532421335000000	-68245170405134600000	-7852094899863010000	139824	-5928037
	228691483055217000000	71506346948444800000	9375181235373020000	484984	-3725328
	173394356729238000000	54671365488320600000	80966379260644300000	-9486922	6923306
	78426538915327800000	-82624971447512500000	49171629967168000000	-582837	-6083352
	237607227510936000000	37413026485592100000	83084465423598900000	-1205574	-2318540
	127330313563291000000	2330080699175600000	-32724777515977600000	9552393	-6416464
	30576170197373700000	38218008307740100000	-34486932540312400000	816989	8363651
	22020646259354000000	63431146321818200000	91233199462294600000	6138423	-2864140
	215012387636608000000	52625307766720700000	-89166946662589900000	4986870	-4034490
	111696821256145000000	64305132860317800000	-62355832708999500000	-7952677	1253037
	132831581561891000000	-89533201837912200000	-93159060925245300000	3275300	2312120
	62083973141822300000	-62834529019892200000	-38243678631261000000	-6228315	-6833237
	60843535235321400000	18833739263936900000	-90091920318082000000	-862436	2816502
	121904291823966000000	11414253618568200000	22245737584307800000	-2097010	4835803
	98155023887490400000	-72554070781916400000	29183428222313500000	-6967221	6601614
	286338740583244000000	49432797869667400000	14104862604290200000	414258	5086793
	299155171307521000000	-81260852096602300000	7775777578353890000	5920786	5474989
	216229061948942000000	76246628304943400000	-39198147738352400000	5338718	-4789904
	160911494115193000000	90403712214902000000	65047767339274300000	2134231	6212970
	64208462935496800000	82610845845192700000	-1667300378903740000	8419072	-8887209
	39106639592742100000	-14366067294031400000	24990768358111400000	4001247	-7223954
	187103583382779000000	84521174523979400000	14930972782895000000	-671497	-386541
	31850130366130000000	19141707522794600000	22158110095188000000	-8314393	-8300244
	130400853390818000000	-2213455969467760000	-18057416053488800000	1780752	8991316
	109061692326423000000	-90056685544550400000	24111298192292400000	3362076	-1406280
	7586898692645600000	-77092552743852100000	77117985859513300000	374776	-5571482
	47051950930012200000	-48999483138322800000	-84581698337569800000	-1823224	-3362566
	260323295773872000000	-44162582140415900000	-31011299230158300000	-7358112	3883397
	120023571618717000000	26027573691681000000	-7252819277346130000	-5147051	5260574
	40487345596836700000	-96744824340567000000	63602021103724800000	9437794	-6499404
	23157230287018500000	-8187912451103330000	-81341174570843600000	4340729	-9261811
	484469008087413000	66529015172272900000	83786420198157400000	-4682651	6131079
	123634125283135000000	-56891722092405000000	11995127517730000000	-871769	-2429968
	261268684338071000000	-36290641827508800000	13568489765748400000	-8630563	-1283536
	293657162810652000000	9603273402899500000	-77454192796722100000	7877143	-7417284
	32076207981258900000	-29444194352254300000	99987448472529700000	9971187	4241908
	211345567072400000000	1797035988420250000	41385768447071300000	4264471	4319815
	83569406799831000000	-10362949082627900000	25146477157250000000	-5719070	9613531
	288249588950071000000	32624585833400500000	-36841524811461600000	1092723	-7505833
	206157752359851000000	95411796076223300000	93379381764680200000	-1618622	-7174099
	246623883807285000000	87082525389269000000	73654259415343400000	-8751579	7213178
	58374837518693000000	-90287923207506500000	-93639575270935900000	7435175	2168351
	120316734619998000000	-25320439087227000000	74210240179672800000	-9837463	-6128660
	195579442905241000000	71351293241605200000	59173200884833900000	-6309754	6820323
	87195853407725000000	84806205006316300000	-880118645727642000	5136288	-4994504
	288992192431920000000	27894285507500200000	-95717727066949000000	244712	3709513
	106874982056830000000	2645600354298950000	-15870847413316400000	-6213153	1041305
	96949782383124600000	76598240900784700000	-45166440261527900000	7182525	3654820
	83721590152160500000	94019433436915300000	-89862822042778100000	9524349	-1183798
	72616520421473800000	-66920341691002200000	57055913796648400000	2486946	7021296
	104125562905571000000	-80433142045512800000	-13572529051452900000	6486765	-6196683
	181894912818430000000	-35931840259581800000	10848070774227400000	8190710	-5699864
	171251095725981000000	-41858525155112100000	-77767274901270900000	2610108	-3413299
	124020530709209000000	-97494735848158600000	-11159132374450600000	-6222578	1487247
	26691417314839600000	48453882290050400000	33464809460565400000	-9525804	3560933
	277587539602618000000	36615763697773200000	-1913815131410960000	-8442332	-7205931
	163848643942093000000	60808849474415200000	-92176909092813700000	699214	8480291
	276085378061096000000	39365061465650800000	31410976313054600000	7368052	-7428314
	223280644454234000000	73562009818851900000	-3844151878729470000	8560375	4421654
	298675606018125000000	-92596753360703600000	36540576722472900000	-2438459	-3107136
	100088235795926000000	-60742387501522900000	-95168723212555100000	-6745544	-3379848
	31230440588602600000	52919392706826300000	-14749410701915600000	-376656	5143841
	224410884030988000000	59017041930928800000	-35330927418544900000	2476837	-2102024
	115797301674574000000	47465077554807100000	-97236843779683100000	6745592	490036
	204590517221930000000	-45134543580934400000	93208346050232600000	-303590	4319004
	252969356258206000000	-45386637747287800000	-36127355648204700000	-423450	-6628676
	288616556947181000000	-92649839352816300000	95410230010747900000	8436214	-825930
	186281466009881000000	78923018695786600000	14654977247119000000	3319130	-1650995
	148031701932231000000	51728021772578400000	-75206215074285900000	2720430	-9840573
	41083023467142600000	-53562768129631900000	-14184123324230300000	-2131044	6558989
	81978997104024100000	41696009086445000000	75717514567077200000	813292	-7847803
	156770839578325000000	-45108513906598100000	-78361897729337200000	-6025420	1783685
	141480992490909000000	-67722294246777900000	-38757439935579900000	2179024	8593046
	97196881741334900000	-64971180772408800000	42975945165380800000	-7560201	3437625
	68478405732498700000	-50473387772217400000	81928310636431000000	-8662691	112269
	286776953472090000000	87992913741618400000	-58187948446720800000	1010939	-5764217
	228334932681287000000	-46990032959729400000	42835197504609800000	-6990208	2784712
	78478642537690900000	-18337193736806500000	-56770742358639800000	-1662392	-974662
	262526579385664000000	-31031328486278700000	88764394400641300000	2673110	3542913
	149071444916670000000	15727259870618600000	97958307294175000000	5018874	190894
	231429254822503000000	97102253464981900000	84252402512356600000	5068558	-5186752
	217379594115482000000	72685994207859000000	-42855527205392700000	-4508338	-6740448
	181441133320450000000	44625385524705100000	-39793244097381800000	-3472267	-2349002
	109240003171283000000	-1693600090220580000	1361814420670270000	3278561	-5705023
	104090921942368000000	-53476277459412800000	83213623752817500000	-1019192	-234278
	200406265059533000000	-49319399381056400000	87492473050951900000	-457777	-7762151
	14273075582371600000	29709723871201300000	-87296443851664700000	-1634951	-6671406
	167851984503444000000	84646211983636000000	43303758930414900000	-818187	-1467940
	14686302031302400000	24966868152841900000	-94696220522746400000	-6009826	8405531
	275395149634670000000	-19818145874887700000	75722382171079500000	13675	4982769
	290160234126273000000	2175370603799820000	13004366541281300000	-6291749	-964341
	156395001252204000000	12985345674678700000	-45880667399615000000	-4370968	7726010
	38159506550760900000	-47338499175384600000	-7004797691479330000	-1142681	2374407
	176250873125953000000	27843593899160600000	-21786007005721300000	1076897	4584371
	119589606594389000000	-5212076893076310000	-75627541774883900000	7798540	9610459
	150017246078677000000	-60771856410428900000	79551152279600500000	7497187	648310
	118589873513484000000	46827673399820900000	9698716318234800000	-6039578	735201
	256397977828268000000	44187606731429700000	-89472360163927100000	2912442	-537752
	74880820941750200000	95564315514639000000	-29377559712156700000	-3889244	9307139
	119578739423302000000	-78448092564940500000	34240373829379700000	-8690417	-7766709
	47801010341712000000	72020095214247700000	-95121190929785400000	9689257	-235041
	187279319315567000000	88466657418757700000	-99980015307664900000	-1810515	7674196
	113469349123938000000	55183564592152800000	12768927263096000000	-8805625	9755628
	86633902596826000000	97162188356742300000	-39940833579748900000	-791392	835757
	100613879815768000000	79894827073440000000	-19381951680406900000	-3427184	8119253
	102377228691995000000	-76060034241527300000	-79385080002248300000	-563324	2677345
	218153711965308000	52315660333260900000	81644132407382100000	-6194120	-8868518
	236167911942772000000	65376656083390100000	-94625474745407700000	8640795	4598631
	11648855453717100000	60786852007731800000	-94782939506694700000	7015257	1171440
	271184364296981000000	-7465728046372540000	-10945187089964700000	-2429912	8340876
	187715316106451000000	46105640009045600000	-59535026596859100000	-6160991	-3201398
	101851675405951000000	-92761649610474700000	-47185346344485900000	3407216	-1670623
	49111245799643700000	-78634087136015300000	23764955671504100000	4647067	6326587
	236741998521575000000	-53549232939258200000	-51787589117884600000	-9374030	1266370
	213401179784242000000	-33537435857579100000	-42890059109777200000	-8549027	1295861
	217963360572744000000	26627876143902500000	-90265162149444200000	-1380073	-1762275
	228071191459048000000	71106143202632700000	-29769622953608600000	4866443	-3085526
	214967232309417000000	64538748608902100000	49818913824856300000	294449	-3474352
	161600865774273000000	-62029655836522600000	-22278892574831800000	1167322	103994
	198726283362097000000	-14663353515788900000	-26173531776294100000	2595655	5530145
	172334081712778000000	-60433235019445400000	89150971826165900000	-5029382	5748146
	75631061010425400000	-92659930884838100000	-42623388534411800000	1396983	-7316009
	145770428875440000000	-67375944228842900000	-80458070756867500000	698913	-2163944
	159073521124382000000	87059532245621100000	-64389904448762500000	6895948	-6367868
	198225745154043000000	75097319390624800000	9162881644442680000	-726142	-3978532
	106659533916776000000	21494059311226000000	-64234792115166800000	8961864	16937
	44373092988867100000	-15459184302017100000	-40225880919024300000	-1175651	339094
	145723059685452000000	-54684761539101600000	-60469297179952300000	3001759	-9143836
	144051822938144000000	78008692199364300000	-41796644451096700000	8548979	-9889467
	71963287846096600000	75333974836394200000	97069300757721100000	9216428	4405781
	212384435687554000000	51664419518783700000	28568199602887000000	6129245	-3503516
	65559386250970700000	17191029386594900000	17397970193997000000	-4328486	8120579
	293915100212933000000	58467346616089300000	20794028462842100000	5249378	-4639289
	201181891802666000000	-85201381007209400000	6520585156977180000	-6107885	7730208
	171889608331472000000	-80477375630289300000	23051532963290800000	9754355	4044325
	229775094469604000000	64689624682068800000	-81353016011416900000	3818576	-7169462
	9120576015190460000	-11334943212568800000	-5440501635894180000	6909028	107384
	216719380415922000000	-48852500179782500000	84317479981109500000	6135298	4671055
	145896014302492000000	-96167461993172800000	98219899274408800000	4858494	-45588
	13521683634492600000	98969364818185600000	-98034227220341600000	-132866	-542770
	19466250294584100000	-46250546118244500000	55788466986268800000	-9908827	-7212067
	164881741356754000000	-78022787207737600000	91096337186172600000	-4295112	9709686
	246262009266207000000	49508419074118100000	54500156082212900000	-5583188	-6354604
	127608910122701000000	82714635878801300000	56142995087429900000	-6561008	2163639
	12412569596374400000	-75128467101603700000	89734020177274900000	-2101662	8679806
	23226693890570200000	80425536260008800000	-53692427463829500000	1823754	656216
	210757147836196000000	25906992098316600000	-7843559561297300000	-9847440	-3613091
	18012775434138000000	-2702582394704220000	-38148424914106700000	-5552516	1311712
	178571468904699000000	42363708047196300000	28012838354334200000	3646152	4825829
	45799498932496600000	-39901332138106200000	-88732914626598400000	-3672253	7580614
	217870276914638000000	-59161636373028200000	11926416074857100000	-4476380	6885918
	175034081537216000000	-49705834873020600000	-43921383423730700000	-8092887	-6146060
	200399464075819000000	42811897723004200000	-40706790098920500000	6766375	-8184681
	1453052246672330000	58556919684633600000	-3678206261247390000	2619785	2739726
	132723144194282000000	11525881383568000000	28456061147153400000	-5272177	2884680
	188440026449998000000	-54841306479647800000	93495522625744300000	7722461	-1656952
	160702375268825000000	-25294383335858600000	57759600877761900000	-5784408	8708250
	232832745697134000000	50712446728721300000	43317004339769500000	6445193	-8997018
	259427431729028000000	65061706211417900000	-8155115926638250000	1102293	4731720
	163355985255548000000	-11593646695837400000	11308476002886900000	-8872176	9319643
	155840814013541000000	-30131662171334000000	-27358199097216100000	9320353	6851044
	226112692550622000000	85164770763367400000	-97594343870878200000	-1134171	-7114829
	94295412439714200000	-81992709031328600000	92766869906336100000	1338063	-7995869
	185308577630630000000	-85522771766409300000	46157467970624600000	-7655786	-6548381
	119596979920484000000	53321744827553600000	-51578349061310300000	-5708235	5069294
	200927294717362000000	-26076188962906600000	-48018132708966700000	4856914	5221465
	214121707013257000000	49944574106484600000	88077747821807900000	-2819136	694361
	288566719364786000000	4874293506145480000	90205438900738900000	-8572730	7035491
	180496778660561000000	70698613813146900000	-177114037796848000	-8565205	-6517720
	181130750385145000000	-66185741871595400000	88095719227567300000	9062697	2678402
	26869552070470300000	-12365217693150000000	66823887825012200000	9839839	-1396349
	30434382605498400000	95186289539560700000	-52936274744570300000	-7282592	-6456509
	223185847680528000000	-16056580794975200000	50265498133376200000	-9907307	-685533
	164611385996770000000	3707805182784800000	-49076875206083100000	-2413693	-8194253
	159324263369199000	8024810999631890000	52042558696121000000	-4842381	-8928545
	188541933708161000000	7910645334050060000	96701676491647900000	8018915	9257648
	246398403610313000000	-16089210845530000000	-66957308072596800000	-3784011	6800404
	248240019853043000000	-79290400585159700000	83089911332353900000	-351931	-9914336
	71764825226955600000	1962460763752460000	68628783430904200000	-4198136	-7207664
	220689552011058000000	-2612941619008780000	77705435547977700000	5953818	-2076617
	290995685805383000000	88612470496445900000	-95730932708829600000	-3922195	-3498755
	169727075650834000000	5182518204674130000	87611799081787500000	-4410810	1516196
	37693150048995900000	-66788377147167900000	10211788350716200000	-6375480	-2696492
	232894497067436000000	-41900012455880600000	-47860354324802800000	-8367228	1704586
	144855557531528000000	78269240912050000000	-12583926552906600000	7289185	4998304
	59501458220816200000	-90801575314253600000	77175467414781500000	-4251930	3151186
	156451449479896000000	-39594886545091900000	-95597318373620500000	-9738392	2994501
	226427268868256000000	-72984638437628700000	-91497092042118300000	3613641	-7257943
	40110967268404300000	-73127152305096400000	33059574430808400000	7561813	9279513
	156958333745386000000	-23277554567903300000	-84345050994306800000	-4114198	-2040091
	43949773784271700000	-33589382702484700000	32699079019948800000	8987241	8097781
	198196847242202000000	50286517059430500000	-85135644208639900000	-8862201	-9399492
	84443227700247700000	34735128376632900000	93976938864216200000	5888953	-5978934
	254150568043865000000	25575280375778700000	66788179101422400000	6444223	3935074
	201308411040467000000	-59468654822558200000	-18413922144100100000	-1906495	9576647
	97597000054986500000	-30138858221471300000	92710748687386500000	-4899920	-2962660
	95685165700236100000	-49212475074455100000	94434782536700400000	-7761604	4551925
	34509017511649800000	-45507154660299400000	55047768028453000000	-4098322	4599583
	293450271587325000000	42093468690291000000	20171878486871700000	-3006441	6787980
	67513063206274300000	7761331694200640000	-10165548371151100000	-2120260	6927230
	189345125714822000000	-46927718073129700000	9116272395476700000	22095	9057072
	40955708719532200000	80642609950155000000	53288251115009200000	-5792366	-621035
	124270201556891000000	-53206750983372300000	-4023904819041480000	-7157070	-2228610
	186675664414603000000	-82627637451514600000	70924126496538500000	4285053	-1073973
	255947998812217000000	98392016999423500000	97899818932637600000	1704106	-1771731
	190174280300617000000	9963826695457100000	-97634751629084300000	-4482711	-1141738
	19557961700016900000	-34708391735330200000	-36653972789645200000	3181767	-9791804
	256885240962028000000	17361027142033000000	37241402314975900000	-1945587	9500446
	219649086439125000000	-1445787213742740000	-45604439405724400000	8480518	-172910
	151696096432503000000	-44317467883229300000	21974211232736700000	3990840	4574649
	13034869210453200000	-19385036546737000000	51878514233976600000	-6750546	7509048
	212362066977123000000	78248371463269000000	-50484702456742500000	4767884	2394255
	142259591377150000000	50583510566502800000	-89640711480751600000	-4221843	2795314
	88381247120484500000	13171884510666100000	25449626706540600000	5615550	4153381
	58092529464930500000	69416490104049400000	-79349721688777200000	-9091476	3767259
	211539872630670000000	73855797201395000000	-61752764787524900000	6303038	469113
	236456203468018000000	-17682741256430700000	-88695318112149800000	-1970138	8479752
	143477472539818000000	-26095497561618700000	-75051804678514600000	1438131	6003293
	79330072096613200000	52640270255506000000	22300649154931300000	-5065015	-5429479
	56793600528046000000	-21513287583366000000	27691159583628200000	4317417	843305
	113507567820735000000	7572740968316800000	-54594771191477800000	-7724651	1067817
	117854088268042000000	-77935441723093400000	75119842216372500000	-6556490	-7113916
	226345112102098000000	7924636546522380000	80305093107745100000	2747925	701388
	122378932202871000000	-33309984859079100000	-23654429707676200000	-6295328	1296829
	121068854114647000000	-70479151932522700000	89158818591386100000	5917820	7569053
	243876978589955000000	34885902376845500000	-563178397715087000	7666472	-8850889
	69819879391685100000	70006432197988000000	-55454592406749700000	9022406	3797798
	96817171757195900000	-14351343875750900000	58908935543149700000	-4016533	446467
	37026353434175700000	-4180674627423290000	-43787748180329800000	-8014293	-800346
	114875200125087000000	52379737747833100000	48997566569596500000	-7193426	5456499
	122297989760888000000	-77577788429334800000	88758565019816200000	-1064335	1907554
	130475976785771000000	1988680195063350000	36732659302651900000	2175110	-8521488
	200275410226918000000	-36969161732122300000	67098062671721000000	-2259588	4281759
	178854457636579000000	12028830405324700000	51503351889550700000	-4231164	-6673599
	296638736646129000000	40672679897397800000	-55219674576073900000	-6613951	-2466961
	62721431167711000000	97532445006072500000	99994291318580500000	-3182746	-6306471
	114950277070482000000	53735130466520800000	52948983572423400000	1318818	581593
	261277325911737000000	-63158656843006600000	-44746518088504700000	5424784	51354
	163547680278778000000	-68526466563344000000	-98374650115147200000	-8934449	-7596565
	253805297368981000000	87699127662926900000	86473749717697500000	-1909753	6714399
	231835457259989000000	86710293591022500000	-65815499611198900000	-9378971	-6411063
	147734121333458000000	50848569767549600000	-22035114327445600000	-46561	4954354
	180997351653398000000	-9834042517468330000	-30899920826777800000	319656	5720703
	111909497440211000000	-92773938830941900000	41066281031817200000	-5898495	-3545403
	243282851715812000000	50677762087434500000	-42317217262461800000	3250309	-9398520
	261931413368539000000	53727373434230700000	-68010777467861800000	-2719971	-176543
	21071095535311200000	4932065913453690000	97775557357817900000	1992258	8943134
	69133724766168100000	-76132911443710300000	81180421449244000000	-9306330	-4430272
	44748078808427600000	-2708634315058590000	-9313462767750020000	-8609581	9350577
	38545086990765500000	73915223404765100000	-82459108205512200000	4546414	1560510
	264597038144766000000	9988625673577190000	93515763618052000000	7281434	9392089
	211637587414540000000	-50311204046011000000	-72765451855957500000	-9535342	7396220
	145321627862103000000	37247805623337600000	-600518472492696000	7623730	4022953
	268094841198430000000	-88037669379264100000	80593200633302300000	8671485	7756662
	39260125907576400000	-5758177442476150000	-50959975458681600000	-2524105	-7813290
	63208845245074300000	-78931173775345100000	-19841975299641500000	-6519584	6566592
	297982047612366000000	-79722697613760800000	91959508042782500000	-8056754	3121388
	250695540004526000000	24685995327308800000	-86611647903919200000	-7400677	-7923472
	224891328928341000000	85562981897965100000	-7993118278682230000	-6004175	-9902218
	183353163880930000000	-90539285354316200000	33942552935332100000	5758729	6754600
	20941540521998200000	-24783003050833900000	-94106806349009300000	-5834435	5547013
	157821618279392000000	-99303632788360100000	-19599876413121800000	4012356	-1455848
	273979249673154000000	-58612360199913400000	-90006025508046100000	2577570	-8098831
	144137776903329000000	-5864906450733550000	54212239850312500000	-5054952	6175823
	25753809715267700000	87332017207518200000	-21165344817563900000	-8296338	6011132
	141710979971437000000	-19453947059810200000	-27861544676125000000	5181594	7435585
	132257248067014000000	37701429473236200000	-43646496208384600000	-7669861	1379805
	246129254960967000000	-35119399800896600000	-44161347253248100000	-2225497	9277613
	182276413171118000000	6841067504137750000	-28548136213794300000	-4542241	-9636095
	7300604358720830000	-34416979551315300000	-56290770228952200000	-389838	6400202
	143727286647718000000	90951584465801700000	-73359282361343500000	-2831271	2078514
	121694238957301000000	-78536918433383100000	12247801758348900000	4164130	-4310212
	277924547075654000000	15972558222711100000	94732550578191900000	1508595	-2507415
	95221633541179400000	-18101594178006100000	-11015958199277500000	-4722084	-4521650
	100379952015693000000	88365568174049300000	-86143122892826800000	1779460	-2953301
	87626987034599100000	-40610350342467400000	69107736181467800000	1451715	7259951
	90281671018934800000	52917948784306700000	-79247138882055900000	-4415946	1574493
	189623955779306000000	-58567537320777800000	-63740919996053000000	5556318	-223265
	205166918665125000000	67263243487104800000	-56490725791081800000	-8324454	2252408
	194918376768970000000	-81048046657815600000	31538207270205000000	-375370	2188832
	178881068833159000000	-5228220531716950000	35461370693519700000	7119922	-4675253
	188512203266562000000	89129660231992600000	-40379466628655800000	2171818	8436149
	146193835181688000000	62660475680604600000	-44752050098031800000	-3157276	9947067
	46482829494701200000	-45902749896049500000	-7983936835080390000	9503033	4837545
	94311417840016300000	-92232459504157300000	-77400699304416800000	7010575	1236704
	75688383467703800000	14644487854093300000	22421955969184600000	-5486600	-1016246
	11651198101928500	74998165620490900000	7252784678712490000	3652597	9269356
	234228121379863000000	96251306030899300000	34087259229272600000	3536359	-6548267
	116283883850820000000	-28653588984161600000	-58517873752862200000	4313714	3449419
	34623680028144500000	24644083343446300000	-49667207011953000000	2007034	-7066543
	190997728016813000000	-44425599183887200000	57208330463618000000	4629652	-3889406
	246596542060429000000	71454733796417700000	62553053349256500000	-9917783	-7181742
	121966623918523000000	18348979437723800000	-8299920894205580000	1967172	-8583455
	287989102479834000000	40988085977733100000	-73131633596494800000	-9804481	-7293356
	9890089926565530000	43215192761272200000	89844896085560300000	589526	5839048
	116735510114902000000	51805034792050700000	-70107089215889600000	3332034	-3229842
	44465721441299200000	-71967031061649300000	-75957640586420900000	6312683	5279208
	44486245789934600000	-85346953338012100000	64154311316087800000	986592	1392366
	126186294532900000000	5175669165328140000	19593956926837600000	-6817162	-3527779
	277047568443442000000	41849349718540900000	-55747096333652700000	294093	1940002
	52807508957885700000	-73924212995916600000	-36615600762888800000	5613031	9803300
	245028656000048000000	9656203165650370000	59045470179989900000	9446009	8206136
	239709696232455000000	-57684860005974800000	90125720016658300000	-3231395	-6476626
	13991152885322900000	-28821886470541400000	-69564513489604000000	7343088	229037
	106783827557157000000	56205049948766800000	-7499207090586420000	-6122515	-1346955
	233162775119341000000	84807056654244700000	-54502969980239900000	5277430	7986647
	43143824559753300000	-11858221096918000000	59263666672632100000	7542570	-6568931
	298519182764058000000	-58351866342127300000	92586357332766100000	2268976	3168873
	99547765356381400000	97037687199190300000	-23168715415522500000	7551466	-8215924
	150705616941854000000	80059446627274200000	93484261631965600000	-4197145	-8766109
	81911908504819300000	56691854260861900000	-85552244726568500000	-1802360	-6038716
	98750781036366200000	19699154468253300000	-5965491849929100000	-5122546	5326831
	176873030318002000000	-69230435509234700000	39719824958592600000	-7642927	-2494396
	266644687516346000000	82563558267429500000	-77647005906328600000	-8207020	-1692765
	69239882054167100000	-92563473526388400000	-39202082948759200000	3450793	4625084
	253053024905109000000	89843465015292200000	50144876306876500000	4244494	-686833
	71687048828793700000	-28190368972718700000	96559374500066000000	-1681372	-749263
	162716569922094000000	-38301585195586100000	-49104905920103200000	-1263642	-2841401
	164854562637372000000	-25958877149969300000	9538713237270710000	-3141973	-7356040
	73544295732153800000	61865059752017300000	17938601737842000000	-1206365	3352259
	90375189277271800000	21881032409146400000	-37801061803475000000	-6733498	4105701
	225758459765193000000	-4573015449568620000	-84206591872498400000	9939706	3178393
	180345101573496000000	66447732504457200000	-41476835729554300000	8330930	-3821940
	276190123631760000000	-99095666874200100000	-64437139965593800000	7951751	-725733
	183556712272716000000	73393416916951500000	-11097336327657100000	-4614407	4938411
	216015483875101000000	98808881407603600000	-59419690445065500000	-7973729	1671130
	56070254683937700000	-50430943304672800000	40083646774292000000	-3774701	5185317
	32313737682668000000	-76483106613159200000	26404144708067200000	-9279751	-6413342
	61689747775401500000	-35414905007928600000	68690897244960100000	4281238	-1672777
	285973181230116000000	-50634010042995200000	478189904242754000	-7943377	-9085162
	196271831340915000000	-69115062011405800000	-60005203634500500000	-3183750	-6842828
	275916162947843000000	-11348836356774000000	-59913678420707600000	1513637	8612294
	75639313106289100000	34594587655738000000	-46981112472713000000	-8925600	-5311348
	298311847510890000000	94471154036000400000	30186363356187900000	9353071	-480006
	156680661916362000000	60304355714470200000	60640266677364700000	-5464748	-817876
	188351274475163000000	54496641596779200000	-98688950669020400000	1495095	-1392012
	7075458947815700000	-87808918301016100000	-88955903658643400000	685921	-2915386
	214939095821091000000	73602746753022100000	-77120484272018100000	-74147	4193938
	237348325913608000000	38433558866381700000	23898457316681700000	6557688	2923703
	154842232462595000000	-6797965429723270000	50229523470625300000	490387	-7985779
	84125150622573900000	-39729371760040500000	-48735844716429700000	1250381	-5935248
	212126375141556000000	99099316913634500000	44293217686936300000	-8292913	-2264920
	54115295511270400000	-99889650009572500000	-37770844763144800000	-8013976	-283452
	115565288155104000000	37700307182967700000	89576078951358800000	7801250	512544
	156216239462457000000	44233159767463800000	-71891761245206000000	-7463593	3134579
	44762296494440600000	606687879189856000	-52676085429266100000	-2743086	-4567772
	44760896162485200000	74740866757929300000	3822361025959250000	8223936	-8906005
	256136025577600000000	6896362826228140000	76350294239819000000	3731684	6940641
	67809475790734200000	54753133840858900000	65195599477738100000	-5690716	1044276
	190214887133366000000	59523768769577200000	-90046998625621200000	1050890	467670
	9447120882317190000	22875358955934600000	13288657553494000000	4709516	8613139
	121871562906201000000	-12642615986987900000	-15569093311205500000	4101378	-8386001
	171951569877296000000	41898003872484000000	78824533754959700000	-6391305	-1595876
	177369654399870000000	-78124057734385100000	31414037570357300000	-9114185	-890796
	64023715229552900000	-38518222281709300000	-29581427481025500000	92077	-3899060
	57913414518840400000	63809722848236600000	85364259174093600000	-2347476	-3340690
	9719731106436350000	51756456121802300000	92795402975752900000	8852273	-7236031
	7463103354747170000	17760473536327500000	-41380707034841200000	-6557011	-2562802
	222277361160225000000	70121003361418800000	-42340531991794700000	-1778294	149561
	48857552769433200000	-58449658565223200000	12282933481037600000	4887019	1609682
	20313326586906800000	44294819608330700000	92334770038723900000	99390	7932675
	170274654479367000000	3715048963204020000	-57076917216181800000	-423656	-4415886
	296740795197140000000	-50628465134650500000	-97574813477695000000	-7068241	-9417063
	60490028529834200000	82265208475291700000	82991589326411500000	-9655464	6387837
	214942482378081000000	54693054780364000000	11983928736299300000	8619669	7542343
	67253853505182100000	-93313476582989100000	6108673382550470000	2074310	-7588104
	258641232717119000000	-80683071818202700000	-93991060089319900000	3175167	3372253
	276225644202919000000	-17444016830995700000	-78900183131918300000	2761403	4657953
	98193914321738100000	-10071899462491300000	-69850390823558000000	2942648	9380518
	280329872646707000000	67527937004342700000	49759628577157800000	-1105789	-9376290
	88300253898306500000	-74398470483720300000	11624012142419800000	6862854	-1903686
	236498996014431000000	-43785317754373000000	-54783412395045200000	761486	-9399480
	185629726316332000000	-14932060102000800000	-45444857748225300000	-9420441	-9013223
	189482055381360000000	85339793935418100000	-1694959774613370000	-8692927	8435809
	239268641468811000000	50791283138096300000	-13466836605221000000	4763855	8605796
	227535770121446000000	79803923377767200000	46916009485721600000	-6441654	-7560437
	280174437266485000000	33721128851175300000	14667089283466300000	1504688	7760601
	7852962183265950000	97631548950448600000	46730803698301300000	3690886	1192877
	68206682450477000000	38536491291597500000	93330943118780900000	-7997423	-6834455
	134407902722412000000	-47406797064468300000	-3268367331475010000	-6002361	1735154
	45034245807697800000	-2002468006685380000	-59896650444716200000	-550436	6670772
	80749885485826100000	-97708381898701200000	16974781733006200000	-7559470	-2031651
	122732857652875000000	-72772060474380800000	-52343241265043600000	5712739	5348662
	71512048684952800000	15900949575007000000	79218157054856400000	-8833426	-5586021
	142631089498426000000	-95813218178227500000	43816852010786500000	1190344	-3990900
	89095255066641800000	60682764835655700000	-86484262626618100000	-2702053	2547578
	279983699034313000000	-8419529488310220000	5019926931709050000	-7738586	1437736
	207706584112815000000	89253555564209800000	25098009873181600000	1739020	-2721630
	240280953509273000000	3780326107516880000	80313258664682500000	-9457146	-2735547
	156065034694061000000	-7107926346361630000	-25927181728184200000	-7274808	-9809678
	297985612703298000000	49574613198638000000	-57612354261800600000	-8456871	-6254986
	288204118883464000000	-1120128156617280000	21991937002167100000	1270249	1692306
	210346571456817000000	2835670718923210000	69356828043237300000	-6834728	-5924695
	81098215545170000000	-89347374113276600000	-48027676111087200000	7324042	-8534199
	122277142081415000000	42757781594991700000	-45489993738010500000	4393271	-2771714
	67966848990660400000	-49979041516780900000	-15251332800835400000	-4820179	-8240218
	209190531210818000000	21015692595392500000	-52498966781422500000	-803765	-8007897
	84843231252057500000	81765731843188400000	-65215681074187200000	-7834096	-8216687
	56993456424397400000	-35257051605731200000	57518848218023800000	2343562	5787248
	20989215999676400000	-9390693996101620000	-61749443504959300000	3627948	9357734
	207697015014806000000	88057562056928900000	3929449943825600000	3610753	-120246
	190292599480031000000	84671179158613100000	35751060675829600000	-9332370	-9303061
	142655727042785000000	-62681113043800000000	70415755966678300000	-1048069	-8738881
	254944701269020000000	-45244089141488100000	-58532223291695100000	-9419784	-9473964
	205637604265749000000	72107071056962000000	85591488424688600000	-6628849	3666355
	19739176236003600000	-22582244453951700000	16862769098952400000	-4878332	9786751
	187500227199600000000	-30943333636969300000	34891803702339500000	-9130241	6458149
	41330945436558000000	8894439274445180000	-35317251738160800000	166082	-7843629
	63385296221668800000	56399739487096700000	-55269476957619200000	8528499	-7490977
	143541400264024000000	-12320597004145400000	10897518601268500000	6445581	1067021
	21349789743567400000	-35033229039982000000	12702840007841600000	6660042	3524718
	171467269526883000000	77191022736951700000	52676319982856500000	-1646224	4785808
	183266175662190000000	-74953026650473500000	-24558714590966700000	-2795175	6001239
	156178656041954000000	13818080769851800000	46745871007442500000	5606134	2495340
	31997982943225200000	20049911225214600000	36680542351678000000	-2976867	3751543
	37221605515707100000	56235251715406800000	-34936996921896900000	-2749841	-2707477
	273353323151813000000	-14841725165024400000	-10510827926918900000	-3489732	6899572
	181627930045643000000	-20365825621411200000	45060801040381200000	-2698621	-8677357
	140851302158344000000	9574596956372250000	3435935126617550000	-4437723	6077197
	120443461029816000000	-23362615704536400000	-94502449361607400000	-9669983	-5572213
	252686397491530000000	16932896710932300000	43039333913475300000	6884169	8263699
	271440163622589000000	67415775870904300000	19993822555989000000	6007174	-9928540
	91442647630654300000	98041968746110800000	24841043166816200000	1478658	-6484336
	271548760804619000000	60022516688332000000	-40436759870499400000	5456823	5461613
	53760135341195900000	-7744192285463220000	-97914252942428000000	-9671131	-7893912
	25429344181839100000	-60254532843828200000	52988702524453400000	-2826543	-1333698
	110242457078737000000	63716914132237400000	-35957992682233500000	-83980	6848714
	128661806294998000000	-45734724495559900000	-61357592605054400000	-3305989	1081860
	261430202934091000000	-94919679127633600000	8357220189645880000	-4277340	7466821
	285045106896037000000	-36708478629589100000	-84432303486391900000	9860191	-1721178
	17125227955747900000	14740302274003600000	92767867958173200000	-561746	7466470
	177317309309651000000	-42538795154541700000	-37773746810853500000	711074	5537054
	220108299348026000000	17689480120316100000	-84755652258172600000	-6431644	8235053
	287900593160287000000	-61848060460761200000	-24356118962168700000	666387	-5390988
	167145515914359000000	-24738895706832400000	-7758926320821040000	-1265385	5428312
	2337916896347660000	75132667273283000000	49054095754399900000	-7343208	7055937
	57153333080908500000	84789523296058200000	-26047904277220400000	8388343	-3810677
	261229320537420000000	18527033785358100000	-10238987114280500000	7445142	185575
	227742377548447000000	-34113831818103800000	83262344589456900000	-3403	6556075
	268385148774215000000	-92077328590676200000	74728935584425900000	-266485	6472997
	229276026791710000000	33824616903439200000	-9826790355145930000	4429413	-6321086
	203599538241366000000	-37550164433196200000	-25280694104731100000	3152728	-2534280
	139392108204730000000	-53796553611755400000	-7169705163687460000	7807823	-4830400
	241418341568319000000	2839985955506570000	92105044005438700000	1817564	-5478077
	68084973501021700000	-35089192120358300000	-92064019665122000000	4867983	6964218
	36365067832471600000	-48396008415147700000	98196198185905800000	-1151503	-4146881
	109772096345627000000	60733313951641300000	24439128907397400000	-6149123	-5699352
	34385020030860300000	-90177712263539400000	-75039980700239500000	462502	656011
	143146862742600000000	-45723648322746200000	89886825531721100000	-8040071	-3610865
	84842549735752200000	4049428179860110000	-92973312875255900000	237490	-2971413
	286365655622801000000	-65684177307412000000	-12445193063467700000	8625850	-4843185
	274588936660477000000	-15593273891136000000	23186878766864500000	6449164	7622250
	296639433249810000000	-63515978911891600000	-33995177457109100000	-933344	1255361
	118963898979690000000	-55711564701050500000	40032268501818200000	3002748	-9078775
	5928462605493380000	36979388678446400000	-56576575525105000000	1017726	-407012
	51155782072913800000	29492032341659100000	36318886140361400000	-5767981	8692346
	173721425882660000000	-49205958982929600000	41398106468841400000	-7040854	6804822
	172139685700103000000	88062244933098600000	-88975832285359500000	2479648	2811187
	132739324496381000000	-83449983410537200000	13370837504044200000	3586636	4757858
	241717107224552000000	96930971136316700000	32548645511269600000	3237464	-417631
	230147051568398000000	-23918282054364700000	-61373963719233900000	-2741404	5858862
	224166416791148000000	67796817049384100000	-44223131099715800000	8617848	-912662
	232133590852981000000	-21498215245083000000	-95596017315983800000	-8943936	7050378
	138542420609027000000	41218517255038000000	40494942571967800000	-1542645	-2560831
	274923378231958000000	22551978053525100000	89773541269823900000	-7871224	-501388
	167897917389261000000	-46195930615067500000	-55044687679037400000	-4400654	7035446
	283653777074633000000	-24053268879652000000	-62351775681600000000	1831797	43528
	251193907656140000000	-22332592308521300000	-64925700891763000000	-8210879	-3914126
	256556783211276000000	-3978010686114430000	21341920178383600000	88268	-6396230
	266802685375524000000	-26030901027843400000	11420009331777700000	-1524539	-7882329
	173353623679418000000	-59894092613831200000	19574170885607600000	1490555	-9498439
	63227745814930400000	51488537946715900000	-65073415637016300000	2126522	-7542116
	12092212369241800000	42328597465530000000	85422060918062900000	7562278	6412846
	279110955763656000000	-34141591144725700000	-95209757564589400000	6137791	3232676
	242155960907759000000	-77821349864825600000	68068956816569000000	6648812	-5659972
	153799831655369000000	-19129086239263400000	84981373697519300000	592801	851781
	135563086969404000000	54432454146444800000	33555099088698600000	-7405417	384852
	292119260464198000000	-82153187505900900000	-27206402504816600000	672562	-1079272
	17077500021500500000	93305439408868600000	-84594078315421900000	-7887834	4552671
	155210385028222000000	-21180471312254700000	-13614677079021900000	1093170	-5911379
	155109922037010000000	-24441803386434900000	-33265647012740400000	4175005	8283705
	115887645437365000000	-59872442157939100000	-62727617239579600000	2651978	-7731126
	63264252793107000000	-98319436330348200000	58573176199570300000	-8306135	8794630
	204609422331969000000	55376499192789200000	-86806582240387800000	5667837	-227271
	98943830011841900000	-76995525555685200000	11902871634811200000	-9032848	-4212310
	52399936572741500000	-59979533450678000000	25824115611612800000	8476198	9624644
	88193894956359200000	16281965235248200000	-56676545320078700000	2585410	4340329
	160590358142002000000	87869277643039800000	-16251998441293800000	8146440	1766585
	49585583243608700000	-742000574246044000	-86357451695948800000	4980239	-706905
	260821272760252000000	-10817240737378600000	-84260023990646000000	-2932552	-8180347
	105784244232423000000	25730060925707200000	-34243700467050100000	-1134335	4892923
	72619033796611000000	79949396522715700000	73022465454414500000	-5530094	-6023510
	18625232910621700000	-2409499930217860000	94245827104896300000	-6784461	1149237
	276514914312098000000	25467003695666800000	-40274938382208300000	9330053	-6663887
	273781446009104000000	-44595670793205500000	-25299220765009500000	5984107	3697690
	137687101790149000000	-14815867319703100000	64386837324127600000	6954417	-784044
	53311430160632600000	-5367384152486920000	-2676256513223050000	3485126	6592122
	66480607843255900000	33429063856601700000	52020360669121200000	-1537611	59098
	119511218947976000000	-28413820639252700000	-98755475459620400000	900834	-3473842
	163741194518178000000	70199724379926900000	16344509925693300000	7569741	-9371351
	7757504149453480000	13981200801208600000	15079440595582100000	7769586	2138751
	83595731755371700000	98990839999169100000	-98651206586510000000	1845654	5839362
	114259340585145000000	-94596298737451400000	-17394637735560500000	-454973	817002
	259554411620723000000	-16125391935929700000	1887369900941850000	-5197786	3174948
	165916377613859000000	30579356243833900000	-99770394805818800000	2119919	-2089865
	81795423628951200000	-56253450410440600000	-33732545608654600000	-8246441	1364816
	296007595341113000000	-80315445596352200000	-57610265864059300000	-4025091	-7973358
	67370096424251800000	55393743142485600000	39924098737537900000	-9348982	-8152935
	187741306275925000000	96559604490175800000	52130693756043900000	-1493287	8507742
	68543553648191500000	-73821951355785100000	-79681258555501700000	-1860498	-2007030
	284821772179729000000	91005234559997900000	-2736930688843140000	-4170894	1628479
	151326300390690000000	-20756455929949900000	81490118522197000000	9919219	329016
	215873985318224000000	19919718382880100000	23977754730731200000	8721784	350890
	51399748914803200000	-38540784316137400000	-52817313792184000000	9981422	1233693
	56251007308750200000	-43808893766254200000	70382011309266100000	4181330	-4773007
	30222062720979300000	46764850709587300000	-54145650099963000000	241741	8460719
	104419322347124000000	-51771980198100200000	-85636502690613300000	3617059	-995584
	120965881450294000000	-91279254620894800000	23222955083474500000	-3949900	-5143096
	197925593205495000000	2390467189252370000	-59431864647194700000	379082	-653591
	193304553911229000000	94827443547546900000	53873706888407500000	-6173847	8449047
	202165561997574000000	-56319424370303700000	-50088069029152400000	4172460	-3348738
	28397134302893400000	45435467408970000000	-89850022271275500000	9263791	6539201
	256968935592745000000	-35962353786453600000	-17946483381092500000	-8235874	3120365
	121801696064602000000	52979248901829100000	-3547863522544500000	688391	-1916141
	191940459107469000000	46592568466439800000	83346216985955800000	-4356824	-2870893
	75232389757683700000	-21081129275262400000	13958089938387300000	1128044	2812905
	249945195302108000000	-31281550740823100000	42267003888264300000	-5780813	-807650
	188006895911199000000	-59715878916904300000	-84512111265212300000	8523254	-5115063
	283367385720502000000	64965937566012100000	-13059880770742900000	-3154788	-6708328
	148368605958957000000	-97102432604879100000	-98144594766199600000	6929097	8442222
	144351041844280000000	95712207490578300000	-4505971120670440000	4891549	9486400
	279764989576456000000	10735419206321200000	-44440187886357300000	8339657	-3723568
	107304303033336000000	-28662026720121500000	-93328423891216500000	-6305349	-1970859
	58762916106761400000	31848308909684400000	-72539252182468800000	-8650024	9958550
	180194243395640000000	94871074333787000000	-99630921008065300000	-4022715	1839185
	236479255091734000000	87712939176708500000	-93797727767378100000	3660009	-2915875
	19625039821877600000	-94315759278833900000	39376363251358300000	4264207	-3294767
	94185255949495100000	-50952742947265500000	34702882356941700000	-165152	-9551697
	10656085196567200000	2793935313820840000	-1136977598071100000	8212713	9489000
	240200711652360000000	-85736862756311900000	-32028383621946000000	5854027	-6110230
	51063838279990300000	-49437353760004000000	-29424581630155400000	-797055	-3892728
	115303260467559000000	-3002491779625420000	54509375803172600000	7334684	-2417996
	37844500452474200000	96700737113133100000	-35254304716363500000	-7491449	4149998
	283787793410887000000	19861138332635200000	-98487668065354200000	-5916629	7567312
	201868780540755000000	67564986972138300000	3633776679635040000	9805238	-6484341
	19478562850205900000	-77683056937530600000	56246302416548100000	415792	-6312651
	79080593892363100000	28386038402095400000	28545601340010800000	-8814363	-3394225
	241090565473569000000	-31757353106513600000	-24874737951904500000	-9914552	-9215825
	135274167432156000000	-65741257928311800000	-19524137908592800000	2052152	8210822
	107024892174747000000	88040398852899700000	63308693468570700000	1478414	-2797490
	150795661820944000000	17949860729277100000	-95005038846284200000	6994884	1978147
	192773224186021000000	-46102123614400600000	-58952693175524500000	1897782	-2994880
	5653979241806780000	-17813153332099300000	-84867124911397700000	-6767333	-6380036
	183906459008673000000	-32369641773402700000	71100733196362800000	9779495	198381
	38339771909226700000	-68480635015294000000	22167241619899900000	-9592541	2069560
	216302688340978000000	75815286999568400000	-84635511552915000000	2362364	3293383
	110300651879680000000	51668759435415300000	-96692971698939800000	4704028	-6892888
	175536943829725000000	10315206367522500000	91779020568355900000	-5129888	169683
	75090321861930900000	1168042421340950000	-33258596807718300000	-9287594	-4147
	11512752100379200000	-61415156396105900000	88433576561510500000	1459920	-7511368
	210409717641007000000	44940932467579800000	78653545444831300000	-83145	-4165597
	17216906043226600000	52760310284793400000	-99381503276526900000	-8157392	9090820
	5576279258407420000	-20588296279311200000	88845282327383800000	-877351	-3808236
	74392362971675800000	-56839338038116700000	-90790514089167100000	-691265	9201339
	225936273285455000000	36117605865001700000	-38939242018386700000	-4791646	-2303082
	269181932907110000000	-11666624713689100000	-20207749400287900000	126338	5843905
	84303428428875300000	-69518020562827600000	-88144739856943500000	-9975947	4418673
	159385001666248000000	-75051905261352600000	-40039313910529000000	2664799	2853322
	178547888524354000000	-58492946671322000000	51781197916716300000	-1608253	-1673510
	85771664539943200000	94728906312957400000	52058100886642900000	54350	-7296360
	188000725593747000000	31375027680769600000	35317249968648000000	-1392449	-8569133
	292701303538065000000	-22171689104288800000	39846928557381000000	9787044	-6706213
	96519394114505500000	33782462170347600000	84107886161655200000	-7223258	-7520036
	140368739999308000000	50145874079316900000	-22400795761495800000	8305103	5167718
	187902524870661000000	41257375106215500000	29469813639298100000	-7819650	7644530
	75217608041316500000	83245859853923300000	-91255054064095000000	-9790124	7073525
	145051611968066000000	-31629054760560400000	-5922938510775570000	-8947242	9518390
	155225086348436000000	-40714480075985200000	49264769116416600000	2171261	9015831
	271989199221037000000	92672694893553800000	46908402582630500000	5264069	4931726
	116565860401417000000	-55983380321413300000	74531949730590000000	8823458	-9175600
	268846984651272000000	-90452838363125900000	30992314685136100000	-2100192	-4571954
	41325645087906200000	-92652434622868900000	-98196240840479700000	4938466	-8767282
	51273439712824800000	35723974788561500000	-15443513635546000000	22496	385029
	88658162205873800000	53409621631726600000	58127849036827700000	5357266	9643893
	115020764031150000000	77924908278510000000	-25495732109993700000	1225793	4158203
	68487032917279100000	30055123334750500000	-55657565640285600000	798081	2355750
	53921651981445000000	3521844325587160000	10261631896719300000	6889324	6284231
	5397045429386900000	-32032370287925000000	-49013837613165400000	4862619	9350424
	149787219762126000000	55361289670690900000	68961886409670100000	-1966064	-9670282
	125564235967583000000	2261682087555530000	23608391312882300000	9829716	5248974
	262527057781193000000	53435280546546000000	97151686577126400000	-587568	-4100068
	175100847504073000000	52422420913353600000	-64091860735788900000	537589	1180606
	163119053042145000000	41608274867758200000	-81811641389504100000	-7335403	-4372436
	171480665090634000000	-32550078816711900000	16135753737762600000	1324917	1167218
	82401885619930500000	-99933020537719100000	1767278695479030000	7459231	-6115820
	5596650288575100000	-67914598807692500000	-13432149682194000000	-2921319	-8950434
	111876147635038000000	-79071182431653100000	-9692555665969860000	8611454	8842320
	197972389284764000000	85996149620041300000	59312696149572700000	-1121328	-5125442
	20386573279995500000	97730342810973500000	88697289442643500000	-9632445	8387537
	260295730650042000000	32677476713433900000	43348860368132600000	3002459	-7083677
	63760244532337700000	-6489745154976840000	-48624401306733500000	7675522	-9750893
	62160172490159300000	-91514737252146000000	97501701395958700000	4953804	-7704659
	21999319625560900000	-97052131453529000000	42756837513297800000	-8970023	-3487962
	274009658557703000000	37762836413458000000	-94846300315111900000	-7746226	5346220
	217997485980772000000	-97737978724762800000	57504833210259700000	8652499	-2260214
	136906896377821000000	71411387016996700000	-31738540204241900000	-1038803	-4746572
	226732303538522000000	19243824761360900000	-17770548909902600000	-6322539	2500086
	800039625670994000	2652501920238140000	66777336085215200000	-4071981	3891845
	3181094219708350000	-99050490511581300000	7176324911415570000	-5010899	-9086594
	104148815135501000000	-86081213643774400000	-163924647495156000	-5442197	-5701177
	176728365158511000000	55513890367001300000	-36368959490209800000	5621623	6273724
	213430831855307000000	-96350221103057300000	-54749474301934200000	2032090	4714693
	225557764843131000000	57443336583673900000	18505013361573200000	-967787	2580915
	19052981726730200000	-30756170209497200000	28536208998411900000	7089292	-5144792
	224381868423649000000	-64221223210915900000	14837407879531400000	7710697	-5885407
	262773898907797000000	58130951039493100000	72819740092381800000	-1254853	-3411137
	270916559751177000000	90759381558746100000	-63910050177946700000	-4887177	5210265
	38808494893765600000	72635719645768400000	-69720414001494600000	-3466590	6928
	217400303074919000000	91393187269568400000	81072040973231200000	-6510330	-3179217
	68954825024724500000	34074215916916700000	-6089729582890860000	-48710	-965771
	271263439955653000000	41869434481486700000	61772847454994900000	2653006	9753871
	288340288802861000000	17233769502490800000	-17176018655300100000	7410524	-684151
	294185742861690000000	-84886189084500100000	7914486294612300000	9396461	5644204
	147503090728557000000	-79235015064477900000	-75020077731460300000	2055416	9705487
	265846270873552000000	-46546544833108800000	-61734864162281200000	8430124	-5042205
	230230222052517000000	66930358577519700000	-80043740384280700000	-927578	1625750
	198877747479683000000	-73245328618213500000	-4620107496157280000	9040347	6596941
	229828585781261000000	-25639292830601300000	-81694257492199500000	7650060	-3780661
	38519868861849200000	-70631322404369700000	-20209370972588700000	7971048	1169517
	163227421608528000000	73049468500539700000	-73475558264181000000	5007298	4461570
	176728561224542000000	94917111285030800000	57187493005767500000	-1458988	-8411610
	32061847523971000000	76379846595227700000	-32717870501801400000	7867837	-8397881
	5558130542759550000	-73628132697194800000	-5803163442760710000	-7022170	-5156001
	270551558072148000000	-66973298601806200000	-75691816071048400000	4718189	-3865286
	8028936440706720000	57226882642135000000	26556437835097300000	7897292	6268155
	258756634864254000000	75438864203170000000	55783607438206700000	-3313054	-8794777
	147035992640380000000	20000326447188900000	16827148059383000000	385577	2737062
	263505273121550000000	87009865324944300000	77881052577868100000	3335084	9293026
	139216272597475000000	-94837473612278700000	-54371754592284600000	897209	2049378
	218556330957653000000	64801059849560300000	57858421793207500000	-1746822	-6598502
	227502599409007000000	-28518193354830100000	-79205866996198900000	-2452078	-309701
	76795244597457600000	-114918779581792000	3374358406290410000	-9885288	8150942
	24213376950530800000	73678085487335900000	3862157929688690000	3312447	1282768
	68103694279654200000	51701472094282500000	80737100075930400000	9826062	4684481
	238872358352021000000	-97274914383888300000	-72497000778093900000	8521332	-7715415
	90089364118813100000	-38085093721747400000	-56937080156058100000	1249167	-2686452
	12065001030395300000	-34988365694880500000	84801847673952600000	-6167370	4570296
	88681339837113900000	-96941742068156600000	-38560882257297600000	-3131135	9828653
	230477315333868000000	97595463786274200000	94643764663487700000	988604	9073366
	113964626378154000000	13092130376026000000	-16277734562754600000	-6046591	-4490187
	154143632777978000000	-80665344092994900000	-80969852721318600000	6556163	3845703
	8867682965121930000	89372409600764500000	-25063806911930400000	-391882	8561671
	246681098208222000000	83092857943847800000	78899132786318700000	2422464	-1980712
	244615882312077000000	-46266344981268000000	-25524873984977600000	2502595	-9300939
	144502938117383000000	77602882171049700000	-64745639450848100000	-9757162	-2907783
	195921927444798000000	99415256129577700000	-5769571196287880000	2344445	-7513899
	152452438226951000000	96723933052271600000	-38436555583030000000	-1622766	-3025734
	130163053094537000000	-11060796445235600000	83398464787751400000	5619018	7048455
	225574891109698000000	47974709328264000000	26743147755041700000	5043872	4082387
	212817814679105000000	8618320012465130000	-9252203023061160000	2338802	8778718
	54485291251260600000	95762050338089500000	62347648711875100000	-6458166	8238383
	3054512117842210000	-68786776764318400000	7131269387900830000	-5513671	408246
	54076221933048900000	39861455839127300000	26191381458193100000	-2871557	-7252090
	16673285694970100000	-7876663468778130000	78568038064986500000	-9396002	7367823
	265190882689412000000	-72981071565300200000	5013394868001340000	4962906	2221907
	143513808038797000000	-34463465865701400000	11416055494919400000	-280667	5232386
	41386764325117700000	20616942923516000000	66949714021757300000	1232321	1740055
	257442680368282000000	67118858266621800000	-66185517562553300000	7952393	-2549607
	94150142318378000000	73511994164437100000	1864628214389080000	2860540	248490
	39874932264895900000	79448994062841000000	-25632512243464600000	4371212	-33643
	130834810312666000000	-54677566001191700000	63855888834223100000	8257599	-2601353
	20861827910657700000	-15350020676851300000	-79051142605021600000	289702	-8409779
	114472889322422000000	522660743445152000	2862275252118700000	1907679	-9102109
	45131638867256500000	15636482555419200000	55133983120322200000	5233078	-9549905
	249042575186431000000	-45233653998002400000	24419625103473700000	-4296134	8671946
	60073018921517500000	-59231599094346200000	-78456674097105900000	7166122	4402350
	45462249502662300000	-11015836708247700000	-73458731081336700000	-8816018	-3505942
	2204672530802430000	32804593350738300000	65300419135019200000	7641203	8143856
	213166993612863000000	-23322436772286900000	22402059612795700000	9743284	1575954
	41154755974470600000	71587279718369200000	-72352394089102700000	1851049	-1244894
	299952161913942000000	-48734839400276500000	83474144432693700000	-728451	-1758814
	120665927453699000000	49942773533985000000	-29456052090972700000	8322723	-7790506
	291893806809832000000	76530496682971700000	18532781349495000000	-9293882	-3928311
	48060809288633100000	-38543520774692300000	-64824012154713300000	3630866	-2984564
	54177877106314100000	-11791880289092700000	31575091090053300000	-1460819	4297402
	81107024965887700000	47574525652453300000	22526789782568800000	-2024672	-8940065
	208411377234889000000	79905462404713000000	-97540223598480200000	-6154324	7253185
	14913947895287100000	86107051605358700000	-21515073720365800000	3071569	621296
	14336205631451200000	76935918303206600000	-17163271736353600000	5400011	-3787762
	288432593016420000000	-40062478091567800000	-77495941892266300000	-8294044	8428874
	230004037428781000000	26844191877171400000	1836582878604530000	858056	7656514
	251349263199000000000	31685558613389700000	-40201890049502300000	-338902	-8147243
	48640276193146800000	-3234502207487820000	78421851759776500000	-5944574	1507565
	72418983161358400000	6873145094141360000	-98804288636893000000	5304874	6882545
	36330690618942500000	10323131736367900000	-72134216455742700000	-4978048	4050467
	114926322998199000000	-45405569905415200000	-47510938718915000000	-9431432	216019
	94306955609038700000	-22000396251678500000	74444779567420500000	2549394	574237
	19621081690846200000	-7282824022695430000	-65383166121318900000	4832610	-5258354
	45278776260847500000	56092383805662400000	-66286654723808200000	1026019	-556762
	142388780801005000000	90944494027644400000	8843717444688080000	7543606	-5476171
	237291175145074000000	50571093196049300000	-55636104336008400000	543130	4109908
	237526122111328000000	28924072813242700000	-22741890186443900000	-4941065	9648684
	229380279438261000000	-30193930538371200000	-12596266530454200000	443375	-5268485
	23183468769546400000	-5209406651556500000	-13979653827846000000	-3916929	-1890628
	125759926211642000000	-79781356081366500000	-62515107681974800000	-4851214	8434289
	225647149928942000000	-88808827893808500000	74548855889588600000	-2590983	-5954810
	27250483084283800000	90552790602669100000	-471162796020515000	-6819030	3801336
	280280323470670000000	39905874757096200000	31836665840819500000	5884187	5184955
	42320430068465900000	84750272007659100000	17312862351536800000	-303419	6839398
	219836073223340000000	26246343133971100000	-10790993319824300000	3212558	-8885827
	4162860262111060000	80567923607304700000	68966519692912700000	-4255481	4846573
	148791243996492000000	-38526106998324400000	-50423659803345800000	8603932	-3472166
	118163391897213000000	-13896082062274200000	17667448427528100000	370994	-2487872
	286815427606534000000	-43352657044306400000	42402104055509000000	8349762	-2244963
	31872686481321700000	4713498800992960000	-20317544834688300000	8983715	5169083
	297592806248656000000	-51877146400511300000	-63294778065756000000	-5851948	-3615025
	249633223163259000000	-77872399613261200000	-65723631111905000000	-1132025	-3250676
	193873611085496000000	10557210352271800000	26822382025420700000	7783915	-5876208
	231663125067035000000	53742644749581800000	29107282869517800000	-9672485	-8986694
	35368995954667900000	-80550836212933100000	32209039852023100000	-1321062	-8562291
	228719046921766000000	-15778846619650700000	-50195682421326600000	-6347884	-3182072
	22319743418752700000	-81046409346163300000	81941790925338900000	-840503	1031504
	269284723614923000000	-86948414891958200000	-1373716769739980000	4687915	-61335
	94778510410124700000	-73823618749156600000	-44000257831066800000	-2096342	4274047
	163107864565840000000	-68452411144971800000	68971552047878500000	4843616	2478698
	106508778416892000000	44986476283520500000	64869711454957700000	-4019922	2467358
	218263499040443000000	74762194510549300000	64574706694111200000	4949079	7393822
	21509482348068200000	14232367137447000000	78539257450029300000	8239425	-7468956
	17387406028104500000	-87750350357964600000	-9374822862446310000	5244878	-3909076
	265757982486266000000	11825620057061300000	-37374521698802700000	-6489191	9757900
	162281739329451000000	-34426439413800800000	46162942750379400000	1091935	8685376
	181463127221360000000	-27928349282592500000	6555151427164670000	4379005	1657757
	221163296996142000000	39632439846172900000	42452208884060400000	-9255558	-7178622
	73461269346440500000	-73219398688525000000	48650229675695300000	568774	-7045659
	213018340636532000000	87553854752332000000	-27602569805458200000	7412798	7797824
	86710414728807100000	-38868509465828500000	71032241079956300000	678650	-3919129
	101819800880669000000	-45979401236400000000	84589070919901100000	2598192	5391442
	122995790652795000000	50608357181772600000	-73510051239281900000	-6284346	5189952
	169366565050403000000	-38852007919922500000	-94725791178643700000	956552	-8347286
	11633492943245200000	-30469979718327500000	74851876357570300000	-2020042	-6854345
	214384844950025000000	53189374459907400000	-8823071466758850000	-5193632	8683071
	43293528134295500000	-41982822073623500000	-24737486615777000000	7634252	-15698
	88609033730124100000	-88823830522596800000	-94756490783765900000	1987186	1612005
	274247937878154000000	-92887939373031300000	87121480330824800000	-8669177	8939715
	276622180033248000000	64323537703603500000	65777454013004900000	-8762761	-189894
	48979250263659100000	-55037979735061500000	-74449268914759200000	8048940	-8504736
	56279913462768500000	-5669117346405990000	-17973970202729100000	-8105645	-627203
	78047969634558800000	-68686037277802800000	-42410418018698700000	1178452	-2907865
	114526684407207000000	39210703456774400000	-7877693930640820000	3884952	-751975
	68521884125852500000	70159337297082000000	34286833414807900000	-2100878	2656763
	222954435141512000000	99993893783539500000	51588041102513700000	2687306	-6901850
	127352112585603000000	-85979464696720200000	-5139673966914420000	-7057531	-3744091
	292795722428895000000	2879033517092470000	-51768218073993900000	-2691898	1224711
	253548481950549000000	-85578535404056300000	3342638257890930000	2867033	7772744
	99590871873870700000	22019437281414900000	68583873240277200000	9751222	-2215673
	154401880030247000000	29924842249602100000	69453961076214900000	9496518	6922233
	67278951354188800000	58445599721744700000	71252598613500600000	9139180	-9134170
	154867748217931000000	-1385371899232270000	-54348129313439100000	235538	3420573
	191044392360942000000	91337089473381600000	3764911321923140000	2658315	6453330
	90910465957677700000	-90839684847742300000	-30772777646780000000	8120304	-337711
	70519531071492200000	-47221329435706100000	-40426661167293800000	-8576597	-8666674
	267560735885087000000	-47307792725041500000	53880919981747900000	-2221693	9302221
	111907050910528000000	-68321845913305900000	-93091939995065300000	-6813602	2331257
	184388550455566000000	-94152847724035400000	79376299260184200000	-657575	6286557
	85328102338324300000	-51343588763848000000	-21574872685596300000	-1909730	3216327
	195229162662926000000	-38972787419334100000	-6239966116845600000	-2778420	4070171
	155615571303034000000	-27391007868573100000	-70653099240735200000	3734013	5716442
	153381163762887000000	63784881448373200000	-78365144087001700000	6402036	1819112
	123094724720115000000	84127591038122800000	60990149294957500000	3670801	174576
	144196828681165000000	-39769578725099600000	64927933830767900000	-3641205	7791432
	221328346526953000000	2196450345218180000	48341099685058000000	2067050	763277
	45628919669048900000	-46424055797979200000	-67942117573693400000	6089254	5898315
	76194920583861600000	-27516637276858100000	-11809229478240000000	8137276	-7676582
	121344549008550000000	-9901022817939520000	-7149562705308210000	-3550748	-5561359
	263591610767073000000	24584781331941500000	-57958953967317900000	8881254	9260928
	157969121052894000000	-1015612576156860000	17446894105523800000	-9410932	-9203651
	43453595618166000000	37049756059423100000	-52721240511164100000	-2032393	-527000
	192591967810507000000	-47185158263891900000	26878460589796300000	8395039	1967590
	182618213540110000000	20324435271322700000	-15825290512293600000	917824	3621588
	254295679328666000000	23420595843344900000	-19352827593684200000	9303955	415751
	40584578911823200000	-46585499169305000000	-29784191399812700000	-6141009	5613945
	215349148263419000000	-28484912170097200000	-75286377500742700000	-303112	5364982
	243192226880805000000	-23559254175052100000	-4916126420721420000	3443192	8072122
	81026553655140800000	53630476864054800000	15024671051651200000	-6191497	9477291
	273726345447252000000	89694128464907400000	-58007832849398300000	-5001981	5557371
	13346127981870700000	73299783328548100000	50135688204318300000	1534726	-3801218
	9542940943290710000	56976756779477000000	79480745363980500000	5238195	-4893075
	241640816583624000000	87428768724203100000	42823011009022600000	-709132	-9337836
	30031147840786700000	99408374214544900000	76522799767553800000	8206297	46113
	235635482236138000000	93662005057558400000	74864553241059200000	3126975	-4791580
	138461416979354000000	34041926776990300000	-63282860396429900000	-8739748	1287812
	94614930222042400000	35511744534596800000	81720313383266300000	6572734	6762350
	150937584430859000000	-30924746394157400000	-16233352432027500000	7220487	-6323121
	217498551015902000000	30017982702702300000	36655615130439400000	9825969	-8714252
	20106737111087900000	60541792539879700000	-9389287140220400000	-6770819	3585692
	67292432971858700000	-99763288674876100000	-83899056632071700000	-4999706	2974942
	104945910235967000000	2062948653474450000	-75424752291292000000	6361996	-4772675
	248348130117971000000	25765923690050800000	67257858207449300000	-5963868	-8779096
	238355570412002000000	43911264650523700000	-80754023836925600000	-7600279	-341235
	39672962529460000000	-19731153873726700000	52236471138894500000	2292582	-3956296
	59032602104159100000	94889618549495900000	13874221919104500000	-4871831	2466820
	249870262175723000000	-89966628607362500000	-7225387590006000000	-291101	5590125
	280997480277805000000	98272693809121900000	-34544016886502500000	-6110990	-5508918
	99633433499621000000	-36615247186273300000	82091859309002800000	-5735456	-7252827
	260170868089880000000	76645162841305100000	90964557137340300000	-2132781	1747753
	283370998169029000000	61287947092205300000	91040629846975200000	-5918935	6899626
	9868776633923870000	29999243421480100000	-9847576776519420000	8976186	9828856
	12606029912377000000	60589773766696500000	-72789887152612200000	-1234465	8841069
	137094529195069000000	9131834376603370000	-20771752204746000000	5105403	2183610
	170206742780014000000	-79589083138853300000	-42681412817910300000	3899187	-4591413
	105949323029948000000	-10041565401479600000	22886281833052600000	-2932034	-5619018
	41204615349740500000	10070363897830200000	8853188669309030000	-7322283	-378504
	119662165345068000000	-58444223599508400000	29229736374691100000	-9587850	-7533078
	251249887406855000000	-48084181733429400000	42061883071437500000	1817528	7993195
	244674578349159000000	-83809602167457300000	-75157700525596700000	2881384	5855749
	108818901182233000000	70288577303290400000	-7136234734207390000	-2831948	3281111
	63050163843971200000	-20086202770471600000	20396613609045700000	-3100941	2317530
	84585305235157000000	-68112859828397600000	-20952156186103800000	7037232	-9813198
	225392069418985000000	30929650086909500000	-81599103147164000000	1806235	-1151534
	269916364689249000000	18068392854183900000	-36086606560275000000	-562035	-5925078
	286869825767242000000	-59116789139807200000	-10933677759021500000	-9065773	3294827
	36738389221157900000	-68277616426348700000	-34766826964914800000	-8057349	-101907
	257283445833262000000	58280078461393700000	30397283565253000000	-5879174	3036259
	32889903176074900000	-8969723014160990000	-20723865274339900000	758874	6661025
	34619319846497900000	-77190714236348900000	-96708098659291900000	-9747180	5546449
	268662261043219000000	29363937070593200000	-416525639593607000	-1183433	-5849904
	59036315624131600000	-29135796148330000000	11903599044308100000	6274315	-8473619
	273559187595424000000	72324294457212100000	-15601586317643500000	-6787596	-7757903
	163505837328980000000	-76446521747857300000	50847164774313600000	1544324	-6944588
	188772219443750000000	-44453456252813300000	73159696767106600000	-2309260	2446644
	216265982432963000000	54885495314374600000	54148015473038000000	-2028495	2549161
	91013933990857600000	-23955369787290700000	-9886479470878830000	4480796	-6238503
	249630707413257000000	-16900173574686000000	-36216043261811100000	-4915191	-6785370
	137029097762447000000	86993357399478600000	-95769443735480300000	-5703651	-2229082
	37988392174428600000	23876338265836200000	53681033197790400000	-21693	-3774920
	92557024508532600000	91242017550393900000	-51225840440020000000	-1934841	4507859
	252323735333576000000	98315871926024600000	-87587507674470500000	9102637	-1424625
	195290810586918000000	15583076654002100000	30941739678382900000	8206320	9589267
	272520551647157000000	-28370399540290200000	-33912285976111900000	4300640	-8291613
	204113248985441000000	39138931641355200000	-86093603447079700000	3948163	-8021202
	277883604898048000000	7726032566279180000	1646018028259280000	-5829401	3861348
	48035671206625200000	63915805425494900000	84721109922975300000	1038259	-8639449
	66399806426322800000	12641040515154600000	-5772111751139160000	-3522786	-6392206
	257330347524159000000	68727416545152700000	26511647272855000000	-6534653	-3843381
	77779759685389500000	-57231328217312700000	18934201635420300000	3803604	5269259
	171291409891586000000	18153936183080100000	-99785590311512400000	8556619	-7662287
	249059418704407000000	-72723418241366700000	55518247466534400000	-8450352	72017
	215747009687315000000	-76057956833392400000	36213567806407800000	-1395629	-7485767
	53435607362796800000	31654291413724400000	35705276392400300000	6168965	1736860
	63914623516884200000	60255658859387000000	-59625511523336200000	8767680	741304
	96957538970464200000	-54405395546928000000	42895193630829500000	4777383	1033852
	190816046610375000000	93828665697947200000	20789493108168200000	-7939004	-5730000
	274372374639055000000	80771621596068200000	91710798302665300000	2131599	4458688
	170288232698148000000	-76477975538000500000	14832156663760500000	2571437	-4854871
	126268486922028000000	58768167253583700000	-95281425956636700000	4555832	-3649611
	121653368444728000000	82751838117837900000	-71051338175311700000	-1278991	2986949
	268763924947605000000	-31792802363634100000	-60206443816423400000	-9250800	4867337
	31874994011573000000	-34000464668497400000	40318022621795500000	2887182	-1062596
	205927645647147000000e51	50000000000000000000	0	8982545000000000000	-898254500000000000000
	253093779817653000000e51	-50000000000000000000	0	-978254500000000000	752441400000000000000
	61388998793356600000e52	0	0	0	0
	32265682506041800000	9943059412762530000	-32356659974902900000	5061744	1535812
	124676505904011000000	-76491614105179900000	-1039581978693600000	-9865141	-2369545
	185811375243002000000	-92421537637710600000	87429304514080300000	-8473463	9057781
	106702997502150000000	-36124014295637600000	50255369069054700000	149586	-1256939
	228608929686663000000	-81548909097909900000	-33329134248197100000	5071768	-9319010
	267886317255656000000	5909309349954130000	-81245916895568400000	7546981	-208632